﻿Date Type,Date,Program,Total Doses Administered Daily,Daily Count People Receiving Dose 1,Daily Count People Receiving Dose 2,Total Doses Administered Cumulative,People Receiving 1 or More Doses Cumulative,People Receiving 2 Doses Cumulative,7-Day Avg Daily Count Dose 1,7-Day Avg Total Doses Daily,7-Day Avg Daily Count Dose 2,Total Doses Administered Daily Change,7-Day Avg Total Doses Administered Daily Change,Daily Count of People Fully Vaccinated,People with at least One Dose Cumulative,People Fully Vaccinated Cumulative,7-Day Avg Daily Count of People Fully Vaccinated
Admin,4/9/2021,US,0,0,0,178837781,114436039,62854301,957024,1621188,659715,null,null,0,114436039,68202461,824401
Admin,4/8/2021,US,434527,255070,178609,178837781,114436039,62854301,1230253,2086787,850306,null,null,242715,114436039,68202461,1046747
Admin,4/7/2021,US,2519822,1490768,1023557,178403254,114180969,62675692,1523647,2594250,1062739,null,null,1333385,114180969,67959746,1286463
Admin,4/6/2021,US,3020355,1784563,1227219,175883432,112690201,61652135,1630167,2769545,1130811,null,null,1557945,112690201,66626361,1338406
Admin,4/5/2021,US,2655844,1533188,1114568,172863077,110905638,60424916,1643174,2795079,1143233,null,null,1341646,110905638,65068416,1319673
Admin,4/4/2021,US,674751,413926,258164,170207233,109372450,59310348,1640128,2783295,1134034,null,null,308293,109372450,63726770,1288925
Admin,4/3/2021,US,2043017,1221652,815891,169532482,108958524,59052184,1672598,2845810,1163663,null,null,986827,108958524,63418477,1315137
Admin,4/2/2021,US,3259196,1912604,1334132,167489465,107736872,58236293,1681728,2876637,1185031,null,null,1556422,107736872,62431650,1323776
Admin,4/1/2021,US,3986767,2308829,1665644,164230269,105824268,56902161,1691796,2909064,1207465,null,null,1920729,105824268,60875228,1330909
Admin,3/31/2021,US,3746888,2236410,1500059,160243502,103515439,55236517,1668516,2842879,1164439,null,null,1696981,103515439,58954499,1267674
Admin,3/30/2021,US,3199091,1875612,1314171,156496614,101279029,53736458,1649399,2778343,1118669,null,null,1426814,101279029,57257518,1209238
Admin,3/29/2021,US,2573359,1511862,1050176,153297523,99403417,52422287,1653038,2727407,1064006,null,null,1126412,99403417,55830704,1153051
Admin,3/28/2021,US,1112357,641219,465567,150724164,97891555,51372111,1654177,2670386,1006387,null,null,491778,97891555,54704292,1095877
Admin,3/27/2021,US,2258801,1285563,965468,149611807,97250336,50906544,1654305,2644950,981185,null,null,1047299,97250336,54212514,1073470
Admin,3/26/2021,US,3486185,1983076,1491170,147353006,95964773,49941076,1656237,2600005,934533,null,null,1606353,95964773,53165215,1033354
Admin,3/25/2021,US,3523478,2145868,1364465,143866821,93981697,48449906,1668880,2535675,857749,null,null,1478084,93981697,51558862,960099
Admin,3/24/2021,US,3295130,2102595,1179668,140343343,91835829,47085441,1666148,2474457,799465,null,null,1287928,91835829,50080778,903838
Admin,3/23/2021,US,2842543,1901086,931530,137048213,89733234,45905773,1653891,2423991,761306,null,null,1033504,89733234,48792850,867340
Admin,3/22/2021,US,2174211,1519835,646841,134205670,87832148,44974243,1643057,2400152,748021,null,null,726197,87832148,47759346,857244
Admin,3/21/2021,US,934305,642109,289154,132031459,86312313,44327402,1625300,2386679,751872,null,null,334925,86312313,47033149,867252
Admin,3/20/2021,US,1944189,1299090,638900,131097154,85670204,44038248,1617767,2375776,748323,null,null,766489,85670204,46698224,871859
Admin,3/19/2021,US,3035872,2071574,953683,129152965,84371114,43399348,1616052,2383373,756074,null,null,1093567,84371114,45931735,894066
Admin,3/18/2021,US,3094953,2126750,956476,126117093,82299540,42445665,1603669,2401576,783566,null,null,1084257,82299540,44838168,936340
Admin,3/17/2021,US,2941870,2016794,912557,123022140,80172790,41489189,1609951,2422232,796167,null,null,1032444,80172790,43753911,967206
Admin,3/16/2021,US,2675665,1825250,838537,120080270,78155996,40576632,1603090,2420897,801321,null,null,962829,78155996,42721467,988345
Admin,3/15/2021,US,2079902,1395532,673800,117404605,76330746,39738095,1584787,2395113,794084,null,null,796253,76330746,41758638,992022
Admin,3/14/2021,US,857982,589378,264309,115324703,74935214,39064295,1584812,2383621,782689,null,null,367177,74935214,40962385,989474
Admin,3/13/2021,US,1997369,1287083,693159,114466721,74345836,38799986,1590860,2382403,775570,null,null,921938,74345836,40595208,981805
Admin,3/12/2021,US,3163291,1984898,1146125,112469352,73058753,38106827,1588723,2369602,766119,null,null,1389486,73058753,39673270,964119
Admin,3/11/2021,US,3239546,2170723,1044684,109306061,71073855,36960702,1576686,2345503,756162,null,null,1300319,71073855,38283784,936704
Admin,3/10/2021,US,2932530,1968767,948630,106066515,68903132,35916018,1531005,2306765,762635,null,null,1180418,68903132,36983465,913339
Admin,3/9/2021,US,2495172,1697130,787881,103133985,66934365,34967388,1486128,2275496,775166,null,null,988564,66934365,35803047,894172
Admin,3/8/2021,US,1999463,1395708,594038,100638813,65237235,34179507,1440333,2243548,787780,null,null,778422,65237235,34814483,878206
Admin,3/7/2021,US,849455,631713,214472,98639350,63841527,33585469,1392145,2211959,802576,null,null,313490,63841527,34036061,866713
Admin,3/6/2021,US,1907758,1272120,627001,97789895,63209814,33370997,1374371,2202569,809979,null,null,798134,63209814,33722571,859974
Admin,3/5/2021,US,2994598,1900642,1076427,95882137,61937694,32743996,1349616,2198621,829338,null,null,1197581,61937694,32924437,854913
Admin,3/4/2021,US,2968383,1850953,1089999,92887539,60037052,31667569,1309140,2188971,858543,null,null,1136766,60037052,31726856,866818
Admin,3/3/2021,US,2713648,1654627,1036344,89919156,58186099,30577570,1255911,2158526,880466,null,null,1046252,58186099,30590090,882082
Admin,3/2/2021,US,2271535,1376566,876180,87205508,56531472,29541226,1191185,2109958,895920,null,null,876798,56531472,29543838,896134
Admin,3/1/2021,US,1778336,1058392,697609,84933973,55154906,28665046,1114873,2046522,907215,null,null,697976,55154906,28667040,907347
Admin,2/28/2021,US,783729,507295,266294,83155637,54096514,27967437,1049585,1988458,914246,null,null,266316,54096514,27969064,914333
Admin,2/27/2021,US,1880121,1098834,762515,82371908,53589219,27701143,1010915,1953867,918608,null,null,762708,53589219,27702748,918695
Admin,2/26/2021,US,2927048,1617310,1280857,80491787,52490385,26938628,937292,1862680,901659,null,null,1280912,52490385,26940040,901722
Admin,2/25/2021,US,2755268,1478350,1243462,77564739,50873075,25657771,821699,1710674,865850,null,null,1243618,50873075,25659128,865923
Admin,2/24/2021,US,2373669,1201545,1144524,74809471,49394725,24414309,725993,1567558,819752,null,null,1144616,49394725,24415510,819809
Admin,2/23/2021,US,1827484,842383,955243,72435802,48193180,23269785,684312,1496373,791271,null,null,955285,48193180,23270894,791318
Admin,2/22/2021,US,1371888,601375,746827,70608318,47350797,22314542,674619,1455533,761544,null,null,746879,47350797,22315609,761589
Admin,2/21/2021,US,541593,236605,296828,69236430,46749422,21567715,673319,1417173,725572,null,null,296848,46749422,21568730,725612
Admin,2/20/2021,US,1241810,583478,643875,68694837,46512817,21270887,686498,1418476,714223,null,null,643896,46512817,21271882,714262
Admin,2/19/2021,US,1863007,808157,1030190,67453027,45929339,20627012,722430,1441092,700783,null,null,1030319,45929339,20627986,700823
Admin,2/18/2021,US,1753456,808411,920775,65590020,45121182,19596822,797822,1525778,709926,null,null,920820,45121182,19597667,709952
Admin,2/17/2021,US,1875373,909775,945158,63836564,44312771,18676047,858499,1600015,724472,null,null,945185,44312771,18676847,724495
Admin,2/16/2021,US,1541609,774533,747158,61961191,43402996,17730889,898544,1642761,727843,null,null,747181,43402996,17731662,727866
Admin,2/15/2021,US,1103363,592276,495017,60419582,42628463,16983731,931826,1688047,740684,null,null,495040,42628463,16984481,740707
Admin,2/14/2021,US,550718,328857,217390,59316219,42036187,16488714,962939,1741612,763550,null,null,217394,42036187,16489441,763573
Admin,2/13/2021,US,1400124,835002,549796,58765501,41707330,16271324,955032,1723785,753396,null,null,549822,41707330,16272047,753419
Admin,2/12/2021,US,2455804,1335903,1094191,57365377,40872328,15721528,954970,1701388,731566,null,null,1094225,40872328,15722225,731589
Admin,2/11/2021,US,2273114,1233144,1022591,54909573,39536425,14627337,952755,1670231,703463,null,null,1022624,39536425,14628000,703485
Admin,2/10/2021,US,2174596,1190095,968760,52636459,38303281,13604746,969283,1663875,679535,null,null,968780,38303281,13605376,679555
Admin,2/9/2021,US,1858616,1007503,837041,50461863,37113186,12635986,975050,1644779,653074,null,null,837064,37113186,12636596,653094
Admin,2/8/2021,US,1478313,810066,655082,48603247,36105683,11798945,963938,1607564,626223,null,null,655102,36105683,11799532,626243
Admin,2/7/2021,US,425929,273514,146312,47124934,35295617,11143863,949566,1574529,606771,null,null,146319,35295617,11144430,606792
Admin,2/6/2021,US,1243350,834567,396985,46699005,35022103,10997551,955902,1576386,602384,null,null,397010,35022103,10998111,602404
Admin,2/5/2021,US,2237700,1320398,897469,45455655,34187536,10600566,942814,1538991,578082,null,null,897497,34187536,10601101,578098
Admin,2/4/2021,US,2228622,1348835,855095,43217955,32867138,9703097,943849,1480150,516204,null,null,855119,32867138,9703604,516217
Admin,2/3/2021,US,2040927,1230467,783537,40989333,31518303,8848002,941808,1429559,468285,null,null,783553,31518303,8848485,468299
Admin,2/2/2021,US,1598111,929719,649080,38948406,30287836,8064465,939613,1402235,443231,null,null,649101,30287836,8064932,443244
Admin,2/1/2021,US,1247064,709459,518922,37350295,29358117,7415385,954298,1401901,428019,null,null,518948,29358117,7415831,428031
Admin,1/31/2021,US,438928,317866,115600,36103231,28648658,6896463,971004,1409182,418906,null,null,115602,28648658,6896883,418915
Admin,1/30/2021,US,981591,742957,226870,35664303,28330792,6780863,967254,1400435,414044,null,null,226871,28330792,6781281,414054
Admin,1/29/2021,US,1825807,1327642,464321,34682712,27587835,6553993,964391,1385057,401737,null,null,464331,27587835,6554410,401746
Admin,1/28/2021,US,1874485,1334548,519666,32856905,26260193,6089672,967324,1347270,363385,null,null,519692,26260193,6090079,363395
Admin,1/27/2021,US,1849660,1215101,608155,30982420,24925645,5570006,960751,1302797,325535,null,null,608164,24925645,5570387,325544
Admin,1/26/2021,US,1595773,1032512,542600,29132760,23710544,4961851,948941,1259801,295389,null,null,542611,23710544,4962223,295397
Admin,1/25/2021,US,1298031,826404,455132,27536987,22678032,4419251,935449,1215499,265326,null,null,455139,22678032,4419612,265333
Admin,1/24/2021,US,377703,291615,81567,26238956,21851628,3964119,904374,1148310,230638,null,null,81570,21851628,3964473,230646
Admin,1/23/2021,US,873944,722914,140716,25861253,21560013,3882552,898356,1135880,224560,null,null,140719,21560013,3882903,224567
Admin,1/22/2021,US,1561295,1348172,195857,24987309,20837099,3741836,873841,1100112,214060,null,null,195870,20837099,3742184,214068
Admin,1/21/2021,US,1563177,1288541,254721,23426014,19488927,3545979,834965,1048695,202178,null,null,254740,19488927,3546314,202185
Admin,1/20/2021,US,1548690,1132426,397131,21862837,18200386,3291258,809934,1005116,184103,null,null,397136,18200386,3291574,184108
Admin,1/19/2021,US,1285653,938068,332156,20314147,17067960,2894127,789377,965049,164743,null,null,332161,17067960,2894438,164750
Admin,1/18/2021,US,827708,608885,212317,19028494,16129892,2561971,779878,952174,160753,null,null,212326,16129892,2562277,160761
Admin,1/17/2021,US,290696,249486,39022,18200786,15521007,2349654,791359,979642,175020,null,null,39022,15521007,2349951,175028
Admin,1/16/2021,US,623565,551306,67219,17910090,15271521,2310632,779408,971839,178976,null,null,67226,15271521,2310929,178984
Admin,1/15/2021,US,1201377,1076040,112680,17286525,14720215,2243413,751386,952186,187001,null,null,112690,14720215,2243703,187009
Admin,1/14/2021,US,1258123,1113325,128193,16085148,13644175,2130733,713176,949236,220823,null,null,128201,13644175,2131013,220830
Admin,1/13/2021,US,1268225,988526,261615,14827025,12530850,2002540,672552,929265,240800,null,null,261625,12530850,2002812,240807
Admin,1/12/2021,US,1195526,871581,304226,13558800,11542324,1740925,644889,887732,227061,null,null,304239,11542324,1741187,227068
Admin,1/11/2021,US,1019982,689251,312188,12363274,10670743,1436699,618795,828981,195320,null,null,312198,10670743,1436948,195326
Admin,1/10/2021,US,236075,165830,66711,11343292,9981492,1124511,601677,772416,156691,null,null,66713,9981492,1124750,156697
Admin,1/9/2021,US,485995,355146,123395,11107217,9815662,1057800,595533,757124,147457,null,null,123397,9815662,1058037,147463
Admin,1/8/2021,US,1180729,808575,349430,10621222,9460516,934405,579290,723159,130131,null,null,349439,9460516,934640,130137
Admin,1/7/2021,US,1118324,828956,268037,9440493,8651941,584975,469771,560776,80402,null,null,268041,8651941,585201,80413
Admin,1/6/2021,US,977493,794882,165437,8322169,7822985,316938,408455,459767,42387,null,null,165450,7822985,317160,42398
Admin,1/5/2021,US,784270,688926,82040,7344676,7028103,151501,408554,437050,19473,null,null,82047,7028103,151710,19483
Admin,1/4/2021,US,624026,569426,41788,6560406,6339177,69461,407190,425092,8176,null,null,41798,6339177,69663,8186
Admin,1/3/2021,US,129033,122822,2070,5936380,5769751,27673,405438,417571,2531,null,null,2071,5769751,27865,2539
Admin,1/2/2021,US,248239,241446,2113,5807347,5646929,25603,400806,412322,2280,null,null,2118,5646929,25794,2289
Admin,1/1/2021,US,44047,41940,1326,5559108,5405483,23490,385543,396451,2027,null,null,1371,5405483,23676,2035
Admin,12/31/2020,US,411265,399742,1937,5515061,5363543,22164,381253,391874,1844,null,null,1937,5363543,22305,1846
Admin,12/30/2020,US,818471,795574,5038,5103796,4963801,20227,350799,360570,1689,null,null,5041,4963801,20368,1691
Admin,12/29/2020,US,700564,679379,2962,4285325,4168227,15189,315913,324150,1202,null,null,2966,4168227,15327,1204
Admin,12/28/2020,US,571381,557166,2271,3584761,3488848,12227,281099,287646,1075,null,null,2274,3488848,12361,1076
Admin,12/27/2020,US,92290,90396,316,3013380,2931682,9956,254341,260067,867,null,null,317,2931682,10087,868
Admin,12/26/2020,US,137140,134601,340,2921090,2841286,9640,255831,261612,893,null,null,342,2841286,9770,899
Admin,12/25/2020,US,12013,11911,46,2783950,2706685,9300,261676,267775,946,null,null,46,2706685,9428,952
Admin,12/24/2020,US,192136,186565,852,2771937,2694774,9254,317438,325172,1024,null,null,853,2694774,9382,1030
Admin,12/23/2020,US,563527,551373,1630,2579801,2508209,8402,327968,336479,974,null,null,1632,2508209,8529,980
Admin,12/22/2020,US,445036,435683,2070,2016274,1956836,6772,270933,278694,770,null,null,2071,1956836,6897,777
Admin,12/21/2020,US,378333,369860,816,1571238,1521153,4702,215240,222159,477,null,null,820,1521153,4826,485
Admin,12/20/2020,US,103105,100823,500,1192905,1151293,3886,162915,168643,362,null,null,535,1151293,4006,370
Admin,12/19/2020,US,180278,175520,710,1089800,1050470,3386,150067,155685,484,null,null,711,1050470,3471,495
Admin,12/18/2020,US,413793,402242,593,909522,874950,2676,145825,151587,446,null,null,593,874950,2760,460
Admin,12/17/2020,US,271286,260274,498,495729,472708,2083,94542,99145,417,null,null,503,472708,2167,433
Admin,12/16/2020,US,159028,152129,200,224443,212434,1585,53109,56110,396,null,null,207,212434,1664,416
Admin,12/15/2020,US,49295,45830,25,65415,60305,1385,20102,21805,462,null,null,29,60305,1457,485
Admin,12/14/2020,US,3717,3589,5,16120,14475,1360,7238,8060,680,null,null,12,14475,1428,714
Admin,12/13/2020,US,12403,10886,1355,12403,10886,1355,10886,12403,1355,null,null,1416,10886,1416,1416
