﻿Date Type,Date,Program,Total Doses Administered Daily,Daily Count People Receiving Dose 1,Daily Count People Receiving Dose 2,Total Doses Administered Cumulative,People Receiving 1 or More Doses Cumulative,People Receiving 2 Doses Cumulative,7-Day Avg Daily Count Dose 1,7-Day Avg Total Doses Daily,7-Day Avg Daily Count Dose 2,Total Doses Administered Daily Change,7-Day Avg Total Doses Administered Daily Change,Daily Count of People Fully Vaccinated,People with at least One Dose Cumulative,People Fully Vaccinated Cumulative,7-Day Avg Daily Count of People Fully Vaccinated
Admin,4/9/2021,LTC,0,0,0,7759386,4843853,2851494,720,1292,484,null,null,0,4843853,2855368,626
Admin,4/8/2021,LTC,51,6,44,7759386,4843853,2851494,900,1990,677,null,null,44,4843853,2855368,858
Admin,4/7/2021,LTC,2093,1289,797,7759335,4843847,2851450,1211,2608,857,null,null,1161,4843847,2855324,1096
Admin,4/6/2021,LTC,2866,1640,1222,7757242,4842558,2850653,1337,2868,982,null,null,1611,4842558,2854163,1245
Admin,4/5/2021,LTC,2661,1771,869,7754376,4840918,2849431,1363,3021,1106,null,null,1107,4840918,2852552,1378
Admin,4/4/2021,LTC,195,86,93,7751715,4839147,2848562,1381,3231,1290,null,null,94,4839147,2851445,1542
Admin,4/3/2021,LTC,1184,248,366,7751520,4839061,2848469,1408,3349,1383,null,null,366,4839061,2851351,1635
Admin,4/2/2021,LTC,4880,1262,1349,7750336,4838813,2848103,1428,3408,1500,null,null,1625,4838813,2850985,1754
Admin,4/1/2021,LTC,4378,2183,1300,7745456,4837551,2846754,1691,3681,1818,null,null,1709,4837551,2849360,2062
Admin,3/31/2021,LTC,3914,2166,1678,7741078,4835368,2845454,1822,4141,2262,null,null,2209,4835368,2847651,2485
Admin,3/30/2021,LTC,3939,1824,2090,7737164,4833202,2843776,1929,4610,2626,null,null,2541,4833202,2845442,2827
Admin,3/29/2021,LTC,4128,1901,2151,7733225,4831378,2841686,2075,5060,2928,null,null,2253,4831378,2842901,3076
Admin,3/28/2021,LTC,1022,269,746,7729097,4829477,2839535,2199,5609,3334,null,null,746,4829477,2840648,3469
Admin,3/27/2021,LTC,1595,394,1186,7728075,4829208,2838789,2303,5954,3568,null,null,1201,4829208,2839902,3703
Admin,3/26/2021,LTC,6791,3097,3578,7726480,4828814,2837603,2475,6683,4114,null,null,3776,4828814,2838701,4248
Admin,3/25/2021,LTC,7602,3106,4405,7719689,4825717,2834025,2664,7692,4924,null,null,4673,4825717,2834925,5033
Admin,3/24/2021,LTC,7194,2910,4224,7712087,4822611,2829620,2916,8740,5712,null,null,4601,4822611,2830252,5785
Admin,3/23/2021,LTC,7094,2851,4207,7704893,4819701,2825396,3211,9852,6521,null,null,4288,4819701,2825651,6541
Admin,3/22/2021,LTC,7970,2766,4993,7697799,4816850,2821189,3505,10896,7249,null,null,5004,4816850,2821363,7258
Admin,3/21/2021,LTC,3432,999,2380,7689829,4814084,2816196,3739,11905,7963,null,null,2381,4814084,2816359,7972
Admin,3/20/2021,LTC,6703,1599,5012,7686397,4813085,2813816,3849,12546,8485,null,null,5015,4813085,2813978,8494
Admin,3/19/2021,LTC,13850,4417,9246,7679694,4811486,2808804,3999,13053,8840,null,null,9273,4811486,2808963,8848
Admin,3/18/2021,LTC,14940,4868,9921,7665844,4807069,2799558,4441,14241,9570,null,null,9938,4807069,2799690,9577
Admin,3/17/2021,LTC,14981,4978,9886,7650904,4802201,2789637,4740,15334,10349,null,null,9888,4802201,2789752,10354
Admin,3/16/2021,LTC,14398,4909,9306,7635923,4797223,2779751,5120,16574,11195,null,null,9309,4797223,2779864,11200
Admin,3/15/2021,LTC,15037,4401,9993,7621525,4792314,2770445,5756,18388,12371,null,null,10002,4792314,2770555,12375
Admin,3/14/2021,LTC,7918,1769,6034,7606488,4787913,2760452,6201,19680,13270,null,null,6037,4787913,2760553,13274
Admin,3/13/2021,LTC,10249,2654,7492,7598570,4786144,2754418,6423,20076,13428,null,null,7494,4786144,2754516,13431
Admin,3/12/2021,LTC,22169,7509,14361,7588321,4783490,2746926,6773,20981,13971,null,null,14373,4783490,2747022,13982
Admin,3/11/2021,LTC,22590,6962,15373,7566152,4775981,2732565,7518,23488,15706,null,null,15379,4775981,2732649,15717
Admin,3/10/2021,LTC,23660,7635,15808,7543562,4769019,2717192,8181,26085,17618,null,null,15809,4769019,2717270,17628
Admin,3/9/2021,LTC,27095,9360,17536,7519902,4761384,2701384,8932,28605,19374,null,null,17537,4761384,2701461,19384
Admin,3/8/2021,LTC,24080,7520,16289,7492807,4752024,2683848,9689,30557,20544,null,null,16291,4752024,2683924,20555
Admin,3/7/2021,LTC,10695,3321,7138,7468727,4744504,2667559,10447,32510,21723,null,null,7140,4744504,2667633,21733
Admin,3/6/2021,LTC,16580,5107,11289,7458032,4741183,2660421,10867,34077,22859,null,null,11348,4741183,2660493,22869
Admin,3/5/2021,LTC,39716,12721,26508,7441452,4736076,2649132,12023,37774,25354,null,null,26515,4736076,2649145,25356
Admin,3/4/2021,LTC,40772,11604,28761,7401736,4723355,2622624,13415,42134,28240,null,null,28761,4723355,2622630,28240
Admin,3/3/2021,LTC,41299,12893,28097,7360964,4711751,2593863,17769,52085,33756,null,null,28099,4711751,2593869,33757
Admin,3/2/2021,LTC,40757,14660,25729,7319665,4698858,2565766,21369,61239,39243,null,null,25732,4698858,2565770,39243
Admin,3/1/2021,LTC,37756,12822,24541,7278908,4684198,2540037,23543,68752,44490,null,null,24541,4684198,2540038,44490
Admin,2/28/2021,LTC,21659,6264,15088,7241152,4671376,2515496,25883,76832,50160,null,null,15088,4671376,2515497,50160
Admin,2/27/2021,LTC,42465,13198,28757,7219493,4665112,2500408,26817,79781,52147,null,null,28757,4665112,2500409,52147
Admin,2/26/2021,LTC,70233,22467,46707,7177028,4651914,2471651,27694,82359,53837,null,null,46707,4651914,2471652,53836
Admin,2/25/2021,LTC,110431,42082,67376,7106795,4629447,2424944,29825,88318,57614,null,null,67376,4629447,2424945,57613
Admin,2/24/2021,LTC,105377,38087,66501,6996364,4587365,2357568,29065,88490,58460,null,null,66501,4587365,2357569,58459
Admin,2/23/2021,LTC,93344,29884,62463,6890987,4549278,2291067,29436,90269,59790,null,null,62463,4549278,2291068,59789
Admin,2/22/2021,LTC,94317,29202,64228,6797643,4519394,2228604,31221,93121,60863,null,null,64228,4519394,2228605,60863
Admin,2/21/2021,LTC,42300,12802,28998,6703326,4490192,2164376,32537,94745,61192,null,null,28998,4490192,2164377,61191
Admin,2/20/2021,LTC,60515,19337,40583,6661026,4477390,2135378,34286,96390,61044,null,null,40583,4477390,2135379,61044
Admin,2/19/2021,LTC,111944,37382,73147,6600511,4458053,2094795,37612,99939,61284,null,null,73147,4458053,2094796,61284
Admin,2/18/2021,LTC,111638,36764,73298,6488567,4420671,2021648,44315,108449,63137,null,null,73298,4420671,2021649,63136
Admin,2/17/2021,LTC,117831,40681,75811,6376929,4383907,1948350,47992,115340,66388,null,null,75811,4383907,1948351,66388
Admin,2/16/2021,LTC,113305,42377,69978,6259098,4343226,1872539,50909,121706,69757,null,null,69978,4343226,1872540,69757
Admin,2/15/2021,LTC,105686,38417,66527,6145793,4300849,1802561,55544,129708,73055,null,null,66527,4300849,1802562,73055
Admin,2/14/2021,LTC,53812,25042,27967,6040107,4262432,1736034,60530,137710,75978,null,null,27967,4262432,1736035,75978
Admin,2/13/2021,LTC,85362,42622,42263,5986295,4237390,1708067,61263,139377,76947,null,null,42263,4237390,1708068,76946
Admin,2/12/2021,LTC,171510,84299,86114,5900933,4194768,1665804,63836,143045,77997,null,null,86114,4194768,1665805,77997
Admin,2/11/2021,LTC,159879,62508,96057,5729423,4110469,1579690,67564,148332,79490,null,null,96057,4110469,1579691,79489
Admin,2/10/2021,LTC,162389,61099,99394,5569544,4047961,1483633,72854,154594,80526,null,null,99394,4047961,1483634,80525
Admin,2/9/2021,LTC,169319,74820,93066,5407155,3986862,1384239,78592,159948,80159,null,null,93066,3986862,1384240,80158
Admin,2/8/2021,LTC,161700,73320,86986,5237836,3912042,1291173,81687,162668,79780,null,null,86986,3912042,1291174,79780
Admin,2/7/2021,LTC,65480,30173,34746,5076136,3838722,1204187,83833,164467,79502,null,null,34746,3838722,1204188,79502
Admin,2/6/2021,LTC,111041,60636,49616,5010656,3808549,1169441,85619,164752,78035,null,null,49616,3808549,1169442,78034
Admin,2/5/2021,LTC,208516,110390,96562,4899615,3747913,1119825,85676,162662,75940,null,null,96562,3747913,1119826,75939
Admin,2/4/2021,LTC,203719,99539,103311,4691099,3637523,1023263,86216,158277,71165,null,null,103311,3637523,1023264,71165
Admin,2/3/2021,LTC,199862,101268,96823,4487380,3537984,919952,88945,156419,66602,null,null,96823,3537984,919953,66602
Admin,2/2/2021,LTC,188359,96482,90418,4287518,3436716,823129,94587,158160,62857,null,null,90418,3436716,823130,62857
Admin,2/1/2021,LTC,174292,88341,85039,4099159,3340234,732711,99952,160537,59975,null,null,85039,3340234,732712,59975
Admin,1/31/2021,LTC,67477,42678,24474,3924867,3251893,647672,105325,162020,56062,null,null,24474,3251893,647673,56062
Admin,1/30/2021,LTC,96411,61032,34950,3857390,3209215,623198,105460,161425,55332,null,null,34950,3209215,623199,55331
Admin,1/29/2021,LTC,177823,114173,63140,3760979,3148183,588248,106458,161442,54344,null,null,63140,3148183,588249,54343
Admin,1/28/2021,LTC,190714,118640,71370,3583156,3034010,525108,107592,154190,45962,null,null,71370,3034010,525109,45962
Admin,1/27/2021,LTC,212049,140766,70609,3392442,2915370,453738,109597,147551,37335,null,null,70609,2915370,453739,37335
Admin,1/26/2021,LTC,204998,134032,70243,3180393,2774604,383129,110465,144541,33450,null,null,70243,2774604,383130,33450
Admin,1/25/2021,LTC,184673,125956,57650,2975395,2640572,312886,110175,141014,30217,null,null,57650,2640572,312887,30217
Admin,1/24/2021,LTC,63312,43621,19360,2790722,2514616,255236,110649,138972,27767,null,null,19361,2514616,255237,27767
Admin,1/23/2021,LTC,96530,68021,28033,2727410,2470995,235876,110589,136942,25809,null,null,28033,2470995,235876,25808
Admin,1/22/2021,LTC,127059,122108,4471,2630880,2402974,207843,108966,132352,22814,null,null,4471,2402974,207843,22813
Admin,1/21/2021,LTC,144238,132678,10982,2503821,2280866,203372,107291,130328,22384,null,null,10982,2280866,203372,22384
Admin,1/20/2021,LTC,190978,146837,43414,2359583,2148188,192390,108014,129914,21242,null,null,43414,2148188,192390,21241
Admin,1/19/2021,LTC,180314,132002,47610,2168605,2001351,148976,107499,125474,17297,null,null,47610,2001351,148976,17297
Admin,1/18/2021,LTC,170374,129275,40499,1988291,1869349,101366,108936,122058,12411,null,null,40499,1869349,101366,12411
Admin,1/17/2021,LTC,49103,43202,5653,1817917,1740074,60867,109201,118207,8250,null,null,5653,1740074,60867,8250
Admin,1/16/2021,LTC,64399,56660,7067,1768814,1696872,55214,108034,116267,7483,null,null,7067,1696872,55214,7483
Admin,1/15/2021,LTC,112890,110382,1463,1704415,1640212,48147,107033,114292,6522,null,null,1463,1640212,48147,6521
Admin,1/14/2021,LTC,141344,137738,2986,1591525,1529830,46684,107239,114437,6491,null,null,2986,1529830,46684,6491
Admin,1/13/2021,LTC,159898,143233,15801,1450181,1392092,43698,104991,111843,6113,null,null,15801,1392092,43698,6113
Admin,1/12/2021,LTC,156403,142062,13410,1290283,1248859,27897,97955,102552,3881,null,null,13410,1248859,27897,3880
Admin,1/11/2021,LTC,143414,131127,11373,1133880,1106797,14487,91389,94023,1980,null,null,11373,1106797,14487,1979
Admin,1/10/2021,LTC,35526,35033,283,990466,975670,3114,84783,85789,363,null,null,283,975670,3114,363
Admin,1/9/2021,LTC,50575,49659,337,954940,940637,2831,84329,85363,331,null,null,337,940637,2831,331
Admin,1/8/2021,LTC,113903,111819,1248,904365,890978,2494,83782,84788,288,null,null,1248,890978,2494,288
Admin,1/7/2021,LTC,123182,122003,341,790462,779159,1246,68037,68746,111,null,null,341,779159,1246,110
Admin,1/6/2021,LTC,94867,93980,174,667280,657156,905,52902,53453,72,null,null,174,657156,905,72
Admin,1/5/2021,LTC,96700,96104,103,572413,563176,731,50387,50968,82,null,null,103,563176,731,82
Admin,1/4/2021,LTC,85775,84880,58,475713,467072,628,47846,48504,78,null,null,58,467072,628,78
Admin,1/3/2021,LTC,32545,31859,57,389938,382192,570,44165,44782,73,null,null,57,382192,570,73
Admin,1/2/2021,LTC,46545,45829,38,357393,350333,513,40875,41411,66,null,null,38,350333,513,66
Admin,1/1/2021,LTC,1609,1605,4,310848,304504,475,35648,36100,62,null,null,4,304504,475,62
Admin,12/31/2020,LTC,16134,16057,70,309239,302899,471,35435,35887,62,null,null,70,302899,471,61
Admin,12/30/2020,LTC,77472,76376,247,293105,286842,401,33430,33874,54,null,null,247,286842,401,54
Admin,12/29/2020,LTC,79448,78317,75,215633,210466,154,25402,26056,21,null,null,75,210466,154,20
Admin,12/28/2020,LTC,59723,59113,20,136185,132149,79,16580,17104,11,null,null,20,132149,79,11
Admin,12/27/2020,LTC,8952,8825,8,76462,73036,59,10136,10596,8,null,null,8,73036,59,8
Admin,12/26/2020,LTC,9368,9241,13,67510,64211,51,8905,9347,7,null,null,13,64211,51,7
Admin,12/25/2020,LTC,115,115,0,58142,54970,38,7631,8055,5,null,null,0,54970,38,5
Admin,12/24/2020,LTC,2042,2026,16,58027,54855,38,7803,8256,5,null,null,16,54855,38,5
Admin,12/23/2020,LTC,22750,20179,13,55985,52829,22,7514,7965,3,null,null,13,52829,22,3
Admin,12/22/2020,LTC,16783,16561,9,33235,32650,9,4632,4715,1,null,null,9,32650,9,1
Admin,12/21/2020,LTC,14166,14002,0,16452,16089,0,2266,2317,0,null,null,0,16089,0,0
Admin,12/20/2020,LTC,211,211,0,2286,2087,0,265,293,0,null,null,0,2087,0,0
Admin,12/19/2020,LTC,323,323,0,2075,1876,0,268,296,0,null,null,0,1876,0,0
Admin,12/18/2020,LTC,1518,1319,0,1752,1553,0,259,292,0,null,null,0,1553,0,0
Admin,12/17/2020,LTC,5,5,0,234,234,0,47,46,0,null,null,0,234,0,0
Admin,12/16/2020,LTC,0,0,0,229,229,0,57,57,0,null,null,0,229,0,0
Admin,12/15/2020,LTC,0,0,0,229,229,0,76,76,0,null,null,0,229,0,0
Admin,12/14/2020,LTC,0,0,0,229,229,0,115,114,0,null,null,0,229,0,0
Admin,12/13/2020,LTC,229,229,0,229,229,0,229,229,0,null,null,0,229,0,0
